0 0.301508 0.879785 0.164672 0.237681
0 0.827324 0.234132 0.105977 0.230431
0 0.233031 0.201521 0.189125 0.202903
0 0.125824 0.428333 0.170398 0.233333
0 0.761699 0.920361 0.158961 0.147833
2 0.950898 0.518896 0.097156 0.340958
2 0.872043 0.385431 0.058039 0.083000
2 0.402031 0.124111 0.102203 0.170472
2 0.270809 0.228417 0.054258 0.136833
2 0.769836 0.481889 0.085797 0.284889
2 0.547770 0.552549 0.058039 0.161514
2 0.485313 0.717417 0.127438 0.154778
2 0.314344 0.682646 0.158984 0.233292
1 0.497297 0.523924 0.880703 0.952153
2 0.763531 0.221681 0.158984 0.217583
0 0.428500 0.956507 0.087625 0.086986
0 0.729461 0.109528 0.075703 0.136833
0 0.619688 0.060181 0.068141 0.118889
2 0.614641 0.149903 0.063094 0.065056
2 0.019637 0.461701 0.039273 0.087486
3 0.499871 0.500799 0.999742 0.997014
2 0.512438 0.038500 0.085797 0.077000
2 0.602023 0.269910 0.143844 0.165986
2 0.209617 0.469556 0.095891 0.098694
2 0.061988 0.664701 0.085805 0.067292
2 0.848699 0.887896 0.069398 0.159264
