0 0.592510 0.202590 0.146553 0.139080
2 0.311373 0.223900 0.086733 0.127860
3 0.513707 0.502890 0.820987 0.990780
2 0.242583 0.702810 0.080753 0.143560
2 0.764487 0.452700 0.104680 0.127860
2 0.730837 0.294560 0.097207 0.089720
2 0.276977 0.474010 0.089727 0.085240
2 0.587277 0.821700 0.258713 0.157020
2 0.654573 0.369705 0.163000 0.123370
2 0.528207 0.497560 0.191413 0.199640
1 0.499047 0.493075 0.497973 0.652750
0 0.268007 0.574950 0.104680 0.161500
0 0.484093 0.290075 0.163000 0.170470
0 0.746540 0.619815 0.137573 0.305070
0 0.442970 0.794780 0.242260 0.255720
0 0.416050 0.611965 0.128607 0.150290
