2 0.596859 0.122004 0.099641 0.174965
2 0.492797 0.797190 0.191715 0.139060
2 0.666231 0.809530 0.160199 0.177216
2 0.528744 0.485399 0.172802 0.152535
2 0.678210 0.495496 0.121087 0.271418
2 0.433514 0.225195 0.136221 0.094220
2 0.472612 0.360904 0.113519 0.078511
2 0.769033 0.332863 0.068116 0.112145
2 0.939312 0.781489 0.113519 0.080745
3 0.692707 0.289592 0.614586 0.579184
3 0.536790 0.515426 0.924706 0.962305
0 0.651097 0.338466 0.122353 0.136826
2 0.292876 0.778129 0.081984 0.109911
2 0.702178 0.226312 0.075683 0.087482
1 0.617039 0.531374 0.755553 0.827713
0 0.496580 0.284637 0.128654 0.132358
