2 0.429485 0.250498 0.055073 0.040584
0 0.605206 0.808588 0.198069 0.223425
0 0.791798 0.708343 0.129227 0.216189
0 0.256172 0.797717 0.115948 0.105064
2 0.373682 0.160644 0.100000 0.072464
0 0.188901 0.366438 0.149270 0.173906
0 0.558468 0.280206 0.153622 0.210146
2 0.190352 0.484554 0.162318 0.128987
2 0.282378 0.618609 0.172464 0.257974
2 0.546146 0.659918 0.123193 0.143476
2 0.673682 0.630206 0.152172 0.104343
2 0.748322 0.509914 0.095648 0.069562
2 0.857017 0.531652 0.092747 0.228987
2 0.401948 0.884554 0.072464 0.088403
2 0.496871 0.803395 0.085502 0.085502
2 0.833828 0.293249 0.098558 0.059425
2 0.414987 0.301219 0.078266 0.066661
3 0.502421 0.493365 0.995159 0.986730
2 0.507742 0.118614 0.034781 0.046378
2 0.749773 0.149773 0.211597 0.181159
2 0.283103 0.193249 0.104352 0.065210
1 0.504742 0.515506 0.831442 0.811408
0 0.443468 0.564644 0.174112 0.265700
