0 0.593938 0.601920 0.233014 0.267826
0 0.476528 0.555833 0.241736 0.262611
0 0.402844 0.370618 0.219590 0.222611
2 0.251389 0.403802 0.086958 0.097826
2 0.573250 0.302958 0.073667 0.130431
2 0.699465 0.417090 0.268097 0.245167
2 0.852354 0.681462 0.074875 0.163049
2 0.424094 0.730497 0.183576 0.272951
2 0.631826 0.837378 0.246375 0.131646
2 0.729045 0.673729 0.119563 0.195653
2 0.825663 0.533031 0.073674 0.092993
2 0.299094 0.628441 0.131646 0.129229
2 0.339552 0.543903 0.101451 0.114736
3 0.499681 0.503413 0.980514 0.993174
1 0.552115 0.527597 0.698063 0.673917
2 0.287622 0.525181 0.159424 0.118361
2 0.736295 0.311413 0.121993 0.149757
