2 0.435083 0.964061 0.184580 0.071877
0 0.628789 0.612463 0.071270 0.227825
0 0.506807 0.668987 0.106895 0.201729
0 0.726104 0.816803 0.123359 0.215651
0 0.463867 0.144638 0.110566 0.213922
0 0.462495 0.274201 0.073096 0.146097
0 0.635645 0.323773 0.092285 0.286952
0 0.322236 0.193327 0.101426 0.182602
1 0.477573 0.537100 0.574736 0.925799
2 0.305791 0.429851 0.159902 0.408699
2 0.404473 0.335065 0.063047 0.194777
2 0.744854 0.413327 0.115098 0.521747
2 0.674478 0.242026 0.107822 0.300855
2 0.558438 0.142900 0.151680 0.130446
2 0.526909 0.322026 0.136143 0.165204
2 0.470723 0.424638 0.100508 0.130428
2 0.383462 0.221162 0.074014 0.172175
2 0.275186 0.731599 0.113301 0.393048
2 0.218535 0.682900 0.058477 0.222602
2 0.590415 0.907240 0.149854 0.180874
3 0.498135 0.497946 0.740117 0.995892
