0 0.859667 0.485992 0.208933 0.105083
0 0.938167 0.403867 0.102667 0.194433
0 0.638042 0.214250 0.142517 0.143733
0 0.503383 0.303025 0.228267 0.205317
0 0.561958 0.463650 0.144917 0.166667
0 0.350000 0.321133 0.124400 0.108700
0 0.461717 0.554225 0.125600 0.195650
0 0.369933 0.450367 0.130433 0.176333
0 0.613892 0.617633 0.268117 0.114733
0 0.573433 0.784300 0.233100 0.095400
0 0.317392 0.665342 0.155783 0.154583
0 0.240092 0.740217 0.179950 0.190833
0 0.173667 0.548792 0.177533 0.192017
0 0.267258 0.428017 0.152183 0.189600
2 0.452658 0.193117 0.085750 0.067633
2 0.244325 0.289742 0.077283 0.101450
2 0.438167 0.769200 0.105067 0.248800
2 0.596983 0.726925 0.275367 0.132850
2 0.699633 0.881517 0.094200 0.077300
2 0.510025 0.867633 0.074883 0.100233
2 0.718358 0.559658 0.153383 0.112317
2 0.984058 0.477542 0.030183 0.076083
2 0.117517 0.389975 0.089367 0.091783
2 0.060742 0.595292 0.065217 0.028983
2 0.362075 0.547583 0.059183 0.039867
3 0.499675 0.511258 0.987483 0.974183
1 0.522525 0.534900 0.954950 0.724633
0 0.675850 0.413767 0.202900 0.217400
