2 0.922663 0.640333 0.070779 0.087562
3 0.498677 0.501790 0.995178 0.996421
0 0.684210 0.317973 0.060493 0.043484
0 0.632669 0.733430 0.076793 0.051926
0 0.403814 0.600577 0.065155 0.053139
0 0.786523 0.181665 0.068419 0.073912
1 0.552944 0.435731 0.847468 0.723187
2 0.508545 0.548549 0.110561 0.254625
2 0.529989 0.738460 0.111501 0.108692
2 0.746690 0.751046 0.178396 0.063401
2 0.857211 0.601082 0.122165 0.087562
2 0.847039 0.352497 0.107617 0.188205
2 0.917331 0.310226 0.060115 0.099643
2 0.962411 0.450624 0.074651 0.064411
2 0.818918 0.700220 0.225899 0.110713
2 0.402491 0.694685 0.116346 0.176124
2 0.489759 0.804887 0.172577 0.074483
2 0.634702 0.469239 0.136712 0.176124
2 0.593981 0.645369 0.082417 0.164055
2 0.654565 0.619197 0.065899 0.117753
2 0.677852 0.383698 0.159003 0.081522
2 0.673488 0.265440 0.194880 0.177134
2 0.526987 0.387015 0.096953 0.086564
2 0.436432 0.423448 0.069817 0.068442
2 0.335109 0.442574 0.084353 0.126813
2 0.095613 0.494382 0.123184 0.180202
2 0.204221 0.453639 0.128946 0.094602
2 0.132474 0.351992 0.123139 0.116754
2 0.255607 0.243793 0.161913 0.153983
2 0.448551 0.202533 0.070779 0.212366
2 0.513024 0.259394 0.073677 0.078502
2 0.505269 0.157247 0.054296 0.083532
2 0.613855 0.147176 0.073688 0.079512
2 0.714691 0.147681 0.032955 0.080523
2 0.320573 0.128555 0.041695 0.036231
2 0.242423 0.735244 0.082417 0.173103
2 0.256100 0.576926 0.095017 0.107693
0 0.344714 0.765434 0.126816 0.118359
0 0.601019 0.838508 0.059336 0.115945
0 0.386363 0.370511 0.102394 0.105065
