2 0.580682 0.909401 0.200694 0.127540
2 0.886628 0.538388 0.070894 0.121739
2 0.324366 0.036941 0.102522 0.063765
2 0.207115 0.020997 0.083982 0.037688
2 0.197845 0.259406 0.098164 0.186957
0 0.116919 0.517354 0.233839 0.856554
0 0.205479 0.073892 0.239960 0.143478
0 0.328180 0.726066 0.297765 0.543478
0 0.777015 0.540562 0.196329 0.392747
0 0.678304 0.658680 0.184334 0.371018
1 0.495607 0.260854 0.525722 0.505801
2 0.513061 0.153606 0.270495 0.166660
2 0.111676 0.594205 0.205060 0.160838
2 0.356540 0.573171 0.182147 0.147826
2 0.562690 0.691288 0.160335 0.375366
4 0.492833 0.494581 0.985666 0.989162
