2 0.498977 0.666657 0.118971 0.188391
2 0.470488 0.761589 0.095976 0.062326
2 0.783409 0.489855 0.083984 0.127539
2 0.179559 0.554341 0.091979 0.126085
2 0.408496 0.434797 0.177955 0.173857
2 0.741424 0.720281 0.053997 0.063779
2 0.646945 0.732607 0.120976 0.131880
2 0.658443 0.612316 0.107981 0.068120
0 0.301524 0.507955 0.221952 0.186957
0 0.328516 0.645649 0.241952 0.149283
0 0.372513 0.770998 0.165963 0.153624
0 0.392005 0.605785 0.106979 0.194205
0 0.518476 0.501444 0.183957 0.165213
0 0.593957 0.680426 0.230936 0.268101
0 0.743924 0.602171 0.110976 0.192752
1 0.604953 0.360862 0.306939 0.356531
2 0.378008 0.249952 0.240936 0.497190
2 0.235040 0.326076 0.266925 0.330446
4 0.501337 0.502180 0.997326 0.995640
