0 0.345230 0.684716 0.386779 0.468114
4 0.504581 0.500812 0.990839 0.995596
0 0.469631 0.425298 0.181441 0.123195
0 0.680947 0.370948 0.176008 0.318845
0 0.734185 0.624571 0.395474 0.318836
1 0.492991 0.264427 0.501949 0.436236
2 0.175196 0.312252 0.224899 0.392753
2 0.450074 0.519499 0.203166 0.137681
2 0.570129 0.418051 0.063018 0.114495
2 0.611417 0.541241 0.039114 0.047825
2 0.614131 0.852121 0.183606 0.182581
2 0.617392 0.686891 0.057585 0.115948
2 0.867277 0.286169 0.081482 0.117392
2 0.796113 0.350663 0.121685 0.086958
2 0.765149 0.228921 0.044547 0.084052
2 0.187148 0.727468 0.046719 0.057969
2 0.288735 0.834716 0.160798 0.101453
2 0.407158 0.768777 0.089093 0.091309
2 0.739073 0.406458 0.053234 0.076814
