4 0.508754 0.541346 0.789631 0.731862
1 0.355415 0.498377 0.272585 0.296292
0 0.569492 0.313192 0.410369 0.133338
0 0.657638 0.542085 0.367400 0.431123
0 0.462092 0.739123 0.560000 0.271108
0 0.416900 0.526531 0.114077 0.103708
2 0.350977 0.542823 0.127400 0.222231
2 0.290238 0.729492 0.154077 0.124431
2 0.542069 0.772469 0.269677 0.174785
2 0.469492 0.315415 0.195569 0.102215
2 0.611715 0.356154 0.124446 0.219262
2 0.747269 0.412454 0.197031 0.165923
2 0.772454 0.536900 0.241492 0.192600
2 0.550231 0.570977 0.268154 0.162969
2 0.816154 0.366523 0.088892 0.109631
