2 0.238175 0.325850 0.155050 0.120000
0 0.732000 0.434000 0.182700 0.167400
2 0.231750 0.715487 0.181733 0.214825
8 0.504767 0.500000 0.990467 1.000000
1 0.513233 0.537700 0.869133 0.851850
0 0.499900 0.362888 0.277533 0.226675
0 0.352742 0.469562 0.145183 0.161475
0 0.693475 0.631038 0.166917 0.330375
0 0.520142 0.676225 0.179750 0.373350
2 0.896933 0.503637 0.093833 0.250375
2 0.808050 0.285850 0.121467 0.140750
2 0.649533 0.205850 0.189633 0.134800
2 0.431750 0.158450 0.093833 0.060750
0 0.401633 0.592512 0.221233 0.185175
