2 0.184215 0.503687 0.231137 0.498554
1 0.466218 0.387747 0.350785 0.411590
0 0.451976 0.784843 0.405304 0.408675
0 0.628992 0.697169 0.241719 0.389855
0 0.701834 0.541373 0.164398 0.339133
11 0.466813 0.532795 0.814547 0.934410
2 0.423897 0.258759 0.277537 0.284072
2 0.409655 0.690639 0.177415 0.089855
2 0.460521 0.934120 0.043126 0.072482
2 0.432037 0.811651 0.049648 0.068120
2 0.564709 0.528277 0.031719 0.037759
2 0.665616 0.558747 0.031746 0.040578
2 0.717706 0.775434 0.025237 0.068120
2 0.644046 0.789193 0.045575 0.037663
2 0.637943 0.900783 0.030122 0.052169
2 0.538248 0.629771 0.024425 0.046386
2 0.581786 0.716723 0.030122 0.055084
