2 0.840612 0.483385 0.042522 0.036239
2 0.605347 0.768894 0.103378 0.100000
2 0.554137 0.870343 0.049277 0.097102
11 0.501438 0.528042 0.997124 0.943916
0 0.665730 0.705122 0.554587 0.523208
1 0.462832 0.508739 0.164248 0.118850
1 0.643997 0.362367 0.082124 0.121726
1 0.527087 0.409414 0.300487 0.082500
1 0.331917 0.431206 0.142035 0.360863
2 0.571047 0.654369 0.195162 0.192810
2 0.667183 0.473960 0.130442 0.075354
2 0.721298 0.552223 0.064720 0.084049
2 0.788923 0.610929 0.118850 0.094204
2 0.773459 0.709469 0.084056 0.105796
2 0.844012 0.671062 0.047316 0.147832
2 0.794720 0.827588 0.078260 0.060885
2 0.420804 0.621062 0.087920 0.071018
2 0.466217 0.701504 0.060870 0.046372
2 0.777810 0.451493 0.036711 0.039137
