2 0.582640 0.597876 0.046372 0.053628
2 0.515007 0.681206 0.036711 0.115951
2 0.551726 0.819613 0.042507 0.036217
0 0.464285 0.779038 0.443466 0.224624
11 0.434882 0.574690 0.683127 0.740885
2 0.688923 0.626869 0.040590 0.068119
2 0.310656 0.825409 0.045413 0.102898
2 0.629019 0.513816 0.081165 0.027544
2 0.516460 0.593529 0.031888 0.044934
2 0.546416 0.547157 0.051209 0.073916
1 0.279742 0.663086 0.215472 0.184049
0 0.602257 0.489624 0.252183 0.411593
2 0.538680 0.381206 0.053142 0.049270
2 0.561386 0.447876 0.056047 0.055088
2 0.602935 0.382655 0.061829 0.069558
2 0.439159 0.731206 0.097581 0.114491
