2 0.650239 0.491966 0.066651 0.101438
11 0.488989 0.580994 0.755571 0.726258
2 0.632778 0.624588 0.126944 0.184059
2 0.704190 0.557918 0.043380 0.097104
2 0.463526 0.700666 0.171373 0.081163
2 0.546566 0.645592 0.062423 0.055074
2 0.370957 0.816607 0.100494 0.075370
2 0.429144 0.794144 0.056065 0.050740
2 0.707361 0.440518 0.077222 0.082600
2 0.525409 0.792696 0.041250 0.039133
1 0.293202 0.577474 0.148102 0.214482
0 0.480448 0.743425 0.410463 0.236237
0 0.670340 0.539799 0.210525 0.408689
0 0.554498 0.612981 0.086744 0.056533
