0 0.852594 0.383986 0.272281 0.501444
2 0.437242 0.480514 0.087234 0.157972
2 0.527324 0.418910 0.101086 0.069569
2 0.605180 0.502972 0.103531 0.084056
2 0.628004 0.757319 0.097008 0.218833
2 0.512648 0.859493 0.115766 0.159431
2 0.410340 0.852250 0.083961 0.133333
2 0.444582 0.692104 0.044836 0.114486
2 0.917000 0.502278 0.145109 0.137611
2 0.773520 0.594271 0.107602 0.171014
2 0.739687 0.414563 0.095375 0.104347
2 0.727055 0.313118 0.060328 0.069569
2 0.791047 0.368188 0.048094 0.098542
2 0.876238 0.644271 0.073367 0.137681
2 0.948789 0.208771 0.061953 0.095653
1 0.351645 0.467319 0.255164 0.186944
1 0.525691 0.346313 0.148367 0.110125
11 0.527211 0.500944 0.937953 0.998111
1 0.781262 0.172542 0.105164 0.191306
1 0.237922 0.279785 0.125547 0.246375
0 0.557813 0.722097 0.505437 0.542028
0 0.705039 0.590507 0.487500 0.537681
