2 0.447831 0.773950 0.087954 0.172468
2 0.410135 0.607284 0.097623 0.120288
2 0.504858 0.718155 0.045423 0.084060
2 0.594746 0.763806 0.109215 0.056517
2 0.505342 0.829746 0.052192 0.098547
2 0.360842 0.792070 0.080223 0.063772
2 0.277719 0.543518 0.074423 0.085513
2 0.302846 0.668155 0.072492 0.030427
2 0.366642 0.715980 0.074423 0.068108
2 0.746496 0.578299 0.035762 0.071015
2 0.615527 0.563080 0.073454 0.060877
2 0.715081 0.572503 0.030931 0.047820
2 0.505823 0.631194 0.037692 0.037682
2 0.703485 0.691344 0.021262 0.047832
1 0.476342 0.542791 0.257100 0.142030
1 0.593777 0.499314 0.144015 0.098558
1 0.668688 0.401488 0.079254 0.181153
1 0.595231 0.431194 0.071523 0.072468
0 0.330877 0.673230 0.231000 0.457970
0 0.541585 0.752209 0.306400 0.297105
0 0.691885 0.569573 0.222308 0.343529
11 0.485815 0.490531 0.708446 0.924521
