1 0.365267 0.929063 0.110133 0.121725
2 0.544925 0.247175 0.374783 0.329000
2 0.148842 0.596450 0.156517 0.450700
2 0.734342 0.523112 0.027050 0.043475
2 0.494733 0.395588 0.065700 0.063775
2 0.507292 0.618762 0.028983 0.046375
2 0.810675 0.666587 0.030917 0.049275
2 0.797150 0.459350 0.029000 0.043500
2 0.387975 0.730362 0.024150 0.043475
2 0.802458 0.382537 0.024150 0.028975
2 0.867683 0.533987 0.017400 0.050725
2 0.647392 0.465138 0.025117 0.034775
2 0.664300 0.602113 0.028033 0.056525
1 0.241108 0.846450 0.213517 0.269550
1 0.531450 0.829063 0.278267 0.330425
12 0.500000 0.527038 1.000000 0.945925
1 0.701983 0.950800 0.118833 0.078250
