2 0.418667 0.725660 0.085519 0.124665
2 0.644565 0.765643 0.138241 0.147694
2 0.515574 0.691109 0.071259 0.107042
2 0.471398 0.359137 0.205241 0.191056
2 0.638861 0.232438 0.086944 0.070475
1 0.487769 0.487183 0.694093 0.699190
0 0.824861 0.535960 0.088352 0.100264
0 0.672361 0.352359 0.133981 0.096197
2 0.372343 0.474982 0.149648 0.233063
2 0.670935 0.523768 0.125426 0.178873
3 0.520750 0.496673 0.946315 0.909190
2 0.202731 0.542051 0.132537 0.158539
2 0.863352 0.478371 0.076963 0.215440
2 0.343120 0.752764 0.094056 0.105704
0 0.182083 0.439754 0.071204 0.089437
2 0.334565 0.226338 0.139685 0.120599
0 0.288250 0.690440 0.084093 0.081303
0 0.707269 0.773768 0.081241 0.123310
2 0.453574 0.181629 0.112593 0.088081
2 0.561898 0.549507 0.181019 0.243908
0 0.276130 0.354384 0.099778 0.078592
0 0.448593 0.506831 0.065556 0.093486
