1 0.495680 0.464458 0.934234 0.924875
0 0.699383 0.615490 0.158047 0.257562
0 0.500070 0.093333 0.184391 0.159208
0 0.265633 0.785240 0.158047 0.189646
0 0.211195 0.638896 0.094828 0.131125
0 0.781922 0.832062 0.119406 0.105375
2 0.241922 0.473823 0.212500 0.451896
2 0.312172 0.712646 0.142250 0.156875
2 0.289344 0.208073 0.180875 0.126438
2 0.064562 0.356750 0.107125 0.161542
2 0.772266 0.384854 0.261656 0.325458
2 0.536070 0.634208 0.242328 0.482333
2 0.593141 0.285344 0.061469 0.126438
2 0.824945 0.184646 0.096578 0.121750
2 0.898703 0.684563 0.131719 0.180292
