2 0.746357 0.447345 0.215929 0.265354
2 0.574004 0.637577 0.245855 0.247810
2 0.558385 0.211250 0.071549 0.187323
2 0.211718 0.683440 0.114469 0.234137
2 0.232537 0.476604 0.098850 0.148296
2 0.269609 0.356604 0.066327 0.130730
2 0.658547 0.909779 0.167802 0.171726
2 0.770428 0.783927 0.053333 0.146350
2 0.808149 0.629779 0.084558 0.185354
0 0.382131 0.831737 0.153496 0.171704
0 0.514159 0.357577 0.183422 0.171704
0 0.462131 0.208319 0.110575 0.154159
0 0.305383 0.698075 0.124867 0.154159
1 0.517906 0.531239 0.730531 0.885088
2 0.365878 0.484414 0.199012 0.234137
3 0.514292 0.503186 0.939174 0.993628
