2 0.051614 0.548809 0.098714 0.230236
0 0.494557 0.836620 0.148086 0.146330
0 0.306214 0.733197 0.171457 0.083906
0 0.553014 0.246373 0.093514 0.042918
0 0.271143 0.633691 0.122114 0.099528
0 0.766043 0.414185 0.103914 0.101459
1 0.500000 0.616137 1.000000 0.762918
2 0.553014 0.301019 0.306543 0.078047
2 0.690700 0.229785 0.140314 0.087811
2 0.215286 0.278573 0.145486 0.068305
2 0.267243 0.830762 0.202657 0.158047
2 0.404929 0.706867 0.093514 0.218541
2 0.365971 0.504914 0.145486 0.236094
2 0.184100 0.497103 0.166257 0.251717
2 0.527029 0.621985 0.150686 0.259506
2 0.704986 0.737114 0.288371 0.267318
2 0.856971 0.502951 0.280571 0.107318
2 0.792014 0.657114 0.228600 0.154142
2 0.834886 0.274667 0.106514 0.091695
2 0.480271 0.226867 0.103914 0.070258
