0 0.611109 0.696188 0.092188 0.158042
2 0.452336 0.370323 0.219516 0.087813
2 0.535750 0.586917 0.087813 0.208792
2 0.469164 0.904969 0.124391 0.130729
2 0.196234 0.724281 0.122938 0.187313
2 0.640383 0.905750 0.124391 0.183417
2 0.807945 0.444281 0.096578 0.060479
2 0.781602 0.566240 0.114141 0.097562
2 0.585500 0.080375 0.181469 0.152208
2 0.753797 0.194531 0.117062 0.119021
2 0.796961 0.324281 0.057078 0.101479
2 0.119406 0.436479 0.048281 0.146333
2 0.212328 0.450333 0.087813 0.056583
1 0.501352 0.501062 0.870734 0.938542
2 0.355016 0.200573 0.171219 0.177562
0 0.548180 0.777937 0.106828 0.193167
0 0.180867 0.646240 0.112672 0.085854
0 0.253312 0.891115 0.128781 0.095604
0 0.180141 0.236469 0.052687 0.074146
0 0.885500 0.373062 0.125844 0.230250
0 0.548914 0.187698 0.166828 0.085854
0 0.330133 0.414042 0.071703 0.124875
0 0.357945 0.613062 0.074641 0.187333
0 0.394523 0.482521 0.057078 0.117083
0 0.459648 0.532281 0.043891 0.119021
0 0.793312 0.765448 0.128781 0.191229
0 0.917695 0.580865 0.061453 0.158063
0 0.175016 0.846229 0.065844 0.087792
0 0.134773 0.586917 0.114141 0.099500
0 0.586234 0.429844 0.074625 0.128771
