0 0.429495 0.598964 0.055454 0.048780
0 0.527704 0.594085 0.108611 0.046826
0 0.642088 0.512134 0.069324 0.078045
0 0.643241 0.605794 0.071630 0.042924
0 0.670972 0.330668 0.062389 0.046826
0 0.741449 0.629206 0.078565 0.081947
0 0.540407 0.283839 0.073944 0.081955
3 0.500310 0.517596 0.999380 0.928780
0 0.443356 0.288718 0.078565 0.056591
0 0.265431 0.705305 0.055454 0.081947
0 0.368259 0.687744 0.067019 0.074144
1 0.528856 0.530668 0.767176 0.599023
0 0.696384 0.477009 0.080880 0.066341
0 0.401769 0.407744 0.092426 0.048780
0 0.333602 0.553108 0.085500 0.046826
0 0.361329 0.469206 0.076250 0.046826
