0 0.525421 0.090581 0.204880 0.142437
3 0.500028 0.499948 0.999944 0.999022
2 0.196153 0.250581 0.078046 0.064393
2 0.621764 0.167652 0.080491 0.058533
2 0.815676 0.188141 0.078019 0.080000
2 0.915667 0.214481 0.151222 0.148296
2 0.118102 0.731556 0.234148 0.202933
2 0.255907 0.571556 0.143907 0.202933
2 0.129079 0.490578 0.104880 0.220489
2 0.381519 0.615459 0.160981 0.286830
2 0.329079 0.332530 0.178046 0.150244
1 0.499810 0.492533 0.987806 0.794148
0 0.463227 0.853507 0.421954 0.208778
0 0.459565 0.172530 0.307315 0.161948
0 0.737616 0.257411 0.224398 0.195119
0 0.772981 0.540333 0.309759 0.359037
0 0.546153 0.650581 0.256102 0.302437
