0 0.747933 0.746470 0.410456 0.388305
0 0.840547 0.461599 0.233526 0.497575
0 0.612530 0.845429 0.532021 0.309142
2 0.171026 0.680139 0.157553 0.107318
2 0.112994 0.482082 0.027629 0.050730
2 0.903419 0.745494 0.066322 0.054635
2 0.867492 0.832328 0.066322 0.095601
2 0.793564 0.933240 0.067705 0.133519
0 0.128153 0.593326 0.251444 0.589313
0 0.256702 0.748444 0.268085 0.489807
2 0.212485 0.290869 0.135426 0.234142
2 0.441877 0.102564 0.610775 0.204871
2 0.839894 0.408916 0.069149 0.068305
2 0.723777 0.563036 0.096733 0.161910
2 0.774909 0.741599 0.110547 0.179506
2 0.598032 0.706481 0.060805 0.163906
4 0.500000 0.500000 1.000000 1.000000
2 0.494392 0.223552 0.152006 0.216588
2 0.236634 0.891309 0.109103 0.217382
2 0.428716 0.897693 0.111869 0.156116
2 0.526854 0.902017 0.095350 0.195966
1 0.499916 0.356223 0.472599 0.673176
