2 0.811227 0.293014 0.144729 0.247148
2 0.724233 0.232852 0.094314 0.130072
1 0.290569 0.652365 0.581137 0.614621
0 0.491715 0.212527 0.663430 0.287798
0 0.756426 0.615776 0.487148 0.587004
0 0.476273 0.388141 0.144711 0.089422
2 0.924856 0.737861 0.119242 0.107058
2 0.719567 0.720930 0.052852 0.149043
2 0.823231 0.794774 0.078592 0.052834
2 0.857780 0.415370 0.112455 0.128718
2 0.377897 0.313339 0.052040 0.115451
2 0.464892 0.279197 0.118700 0.063412
2 0.605532 0.285695 0.175614 0.089440
2 0.656751 0.112518 0.212996 0.061787
2 0.610415 0.192202 0.130072 0.130072
2 0.789287 0.582401 0.110596 0.318592
2 0.660000 0.536922 0.082924 0.143087
2 0.625054 0.393827 0.120325 0.068303
