0 0.754395 0.655343 0.104350 0.139567
1 0.516597 0.544296 0.696769 0.603105
2 0.526724 0.477049 0.193087 0.290199
2 0.282843 0.332175 0.042004 0.032509
2 0.192067 0.421606 0.039296 0.040650
2 0.248294 0.377563 0.021679 0.031155
2 0.451543 0.696002 0.021679 0.039296
2 0.341796 0.388403 0.029801 0.036588
2 0.584982 0.205487 0.041949 0.055560
2 0.604666 0.644504 0.024386 0.023051
2 0.628375 0.691931 0.028448 0.033863
2 0.261841 0.487319 0.035235 0.033881
2 0.185289 0.492744 0.028448 0.028448
2 0.667681 0.299648 0.036588 0.027094
2 0.543014 0.272554 0.036570 0.024386
2 0.557238 0.711579 0.035235 0.027094
2 0.818727 0.645181 0.029874 0.040650
2 0.332987 0.765117 0.025758 0.028430
2 0.403448 0.411435 0.028448 0.033881
2 0.371606 0.495451 0.032527 0.025740
2 0.398023 0.475126 0.028466 0.023032
2 0.423096 0.292879 0.024386 0.024386
2 0.587726 0.821327 0.028448 0.024386
0 0.229323 0.554395 0.105686 0.135505
0 0.401408 0.534747 0.116534 0.128736
0 0.385117 0.246128 0.119332 0.145000
0 0.505081 0.198005 0.123303 0.116588
0 0.671065 0.238682 0.116534 0.086715
0 0.770623 0.412789 0.126083 0.123303
0 0.704928 0.488673 0.097581 0.128718
