2 0.601180 0.660588 0.086681 0.052029
2 0.947962 0.482375 0.084268 0.048779
0 0.327936 0.736441 0.144477 0.058265
0 0.423049 0.606360 0.363589 0.253387
0 0.749312 0.541321 0.365993 0.418701
1 0.569926 0.752029 0.276908 0.094863
1 0.314691 0.734409 0.267274 0.135505
1 0.138780 0.613434 0.277561 0.230897
1 0.331019 0.380914 0.482544 0.084554
1 0.305017 0.453270 0.609669 0.089431
2 0.887239 0.567907 0.115575 0.078049
2 0.735540 0.474412 0.153136 0.066667
2 0.507278 0.713434 0.089573 0.063417
2 0.445152 0.659775 0.080897 0.047157
2 0.325244 0.650020 0.118467 0.056912
2 0.404699 0.522377 0.109800 0.097559
2 0.686420 0.587417 0.118467 0.055284
2 0.799107 0.576034 0.130026 0.091059
2 0.120000 0.340265 0.240000 0.087804
2 0.533284 0.295549 0.257160 0.164225
