0 0.595388 0.523673 0.346661 0.172762
0 0.722419 0.375758 0.117437 0.172780
1 0.318745 0.491498 0.229188 0.239386
1 0.369549 0.414720 0.213430 0.277780
1 0.419233 0.379152 0.208899 0.215668
1 0.516904 0.273005 0.363592 0.147924
1 0.545135 0.389314 0.108394 0.114043
1 0.620226 0.351480 0.062112 0.033863
2 0.645072 0.404558 0.165993 0.144531
2 0.739359 0.387049 0.063231 0.062112
2 0.717897 0.591435 0.054206 0.071137
2 0.631516 0.553042 0.084693 0.057599
2 0.572238 0.560948 0.031625 0.046300
2 0.514079 0.555298 0.041769 0.093736
2 0.549088 0.705478 0.066625 0.057599
2 0.405117 0.705478 0.072256 0.062112
2 0.463836 0.620794 0.031606 0.048556
2 0.379711 0.615135 0.064368 0.050812
0 0.490370 0.650713 0.416661 0.203231
