2 0.306014 0.775403 0.086139 0.216577
2 0.620435 0.359790 0.068907 0.083909
1 0.575745 0.817945 0.642843 0.364111
1 0.764722 0.503205 0.251963 0.378523
1 0.624204 0.631007 0.199204 0.115134
0 0.174648 0.521359 0.185204 0.957282
0 0.457296 0.312961 0.399481 0.536594
0 0.324319 0.654421 0.152898 0.158037
0 0.693116 0.259304 0.097991 0.269279
0 0.385157 0.947106 0.067833 0.095621
0 0.583824 0.685638 0.051685 0.080000
2 0.170880 0.425151 0.190593 0.296577
2 0.382468 0.199790 0.114139 0.232198
2 0.435764 0.524664 0.181972 0.238054
2 0.212333 0.634908 0.124907 0.111225
2 0.105731 0.778322 0.071074 0.214631
2 0.204796 0.914916 0.081833 0.160000
0 0.702269 0.559782 0.058148 0.093658
